	0	1
0	44.9983322	-93.2211744
1	38.2554896	-85.7440216
2	42.2801844	-71.4111676
3	32.7508011	-117.2448931
4	37.7959215	-122.3940521
5	32.8735877	-79.9720038
6	39.7538085	-104.9885278
7	41.94277659999999	-86.556101
8	42.791459	-86.107906
9	42.9851272	-85.6811017
10	42.9597509	-85.6463209
11	45.3968008	-84.90304410000002
12	46.546967	-87.394566
13	43.07133150000001	-85.6814191
14	42.454514	-83.65034539999999
15	42.9583924	-85.6746319
16	39.772835	-86.138683
17	40.4905709	-86.1327196
18	39.7709647	-86.0709176
19	39.7038701	-86.4007144
20	41.760219	-86.11779700000001
21	39.677991	-86.3701849
22	41.4733592	-87.08002100000002
23	39.766067	-86.141221
24	41.738628	-86.82802199999999
25	39.7690405	-86.14460179999999
26	41.69394500000001	-86.1822832
27	39.2678494	-85.8320774
28	39.52095509999999	-86.1670716
29	32.322979	-96.206841
30	33.3032251	-111.8424385
31	39.082097	-94.596736
32	44.52357920000001	-89.574563
33	33.841623	-118.311439
34	32.888093	-117.157947
35	37.7634098	-122.4010392
36	34.610657	-120.202302
37	40.0625629	-105.2047427
38	30.1650939	-98.0847367
39	42.2907433	-85.5899756
40	37.7843332	-89.3315914
41	44.5700566	-72.60331289999999
42	43.6654737	-70.2572586
43	40.4213277	-79.6354348
44	41.9421312	-87.70784929999999
45	39.1796745	-96.56128679999999
46	40.6740132	-74.0119108
47	42.7888712	-71.5194431
48	35.5959224	-120.6941187
49	33.8084282	-84.38065309999999
50	37.4092109	-79.90049330000001
51	40.0202785	-105.218426
52	41.91834250000001	-87.72540479999999
53	45.024508	-93.173879
54	42.15592059999999	-88.13882149999999
55	41.6759421	-87.9979374
56	41.8058324	-87.83718309999999
57	40.5293469	-88.9462161
58	44.914066	-93.139609
59	42.20258	-85.56041599999999
60	38.6149554	-90.19752570000001
61	44.9729768	-93.20981830000001
62	38.2554896	-85.7440216
63	39.7238572	-105.0003281
64	41.83369649999999	-87.73237970000001
65	42.0297529	-87.96754530000001
66	29.4015813	-98.4822392
67	27.7691552	-82.662814
68	39.4228993	-77.19249959999999
69	36.203368	-81.6684386
70	35.230652	-80.82653599999999
71	39.336305	-76.64423
72	42.3373555	-83.0184811
73	43.120465	-89.354151
74	41.824462	-88.211933
75	46.768473	-92.120678
76	42.294927	-85.5790038
77	30.2545683	-97.7169378
78	37.738157	-122.3806562
79	44.8009273	-106.9537799
80	45.4969091	-122.6348353
81	39.7631728	-104.9813241
82	40.59323759999999	-105.068601
83	39.7233597	-121.8159439
84	47.12207900000001	-88.568758
85	44.715452	-85.635438
86	41.384963	-71.8324189
87	38.5805222	-90.4056076
88	41.8870971	-87.67211830000001
89	41.9593151	-72.6634706
90	41.2549502	-75.8576506
91	39.1563291	-84.42424249999999
92	39.3277484	-82.10230059999999
93	39.1172664	-84.5201012
94	39.7595793	-84.1861136
95	46.546967	-87.394566
96	35.744672	-81.68567399999999
97	40.2971086	-76.6431142
98	32.707148	-117.151592
99	39.113997	-84.514775
100	38.059307	-84.491991
101	41.514309	-71.31570599999999
102	61.13916099999999	-149.8794716
103	42.6506706	-71.3165319
104	39.562658	-104.892868
105	39.9888951	-83.0327796
106		
107		
108		
109		
110		
111		
112		
113		
114		
115		
116		
117		
118		
119		
120		
121		
122		
123		
124		
125		
126		
127		
128		
129		
130		
131		
132		
133		
134		
135		
136		
137		
138		
139		
140		
141		
142		
143		
144		
145		
146		
147		
148		
149		
150		
151		
152		
153		
154		
155		
156		
157		
158		
159		
160		
161		
162		
163		
164		
165		
166		
167		
168		
169		
170		
171		
172		
173		
174		
175		
176		
177		
178		
179		
180		
181		
182		
183		
184		
185		
186		
187		
188		
189		
190		
191		
192		
193		
194		
195		
196		
197		
198		
199		
200		
201		
202		
203		
204		
205		
206		
207		
208		
209		
210		
211		
212		
213		
214		
215		
216		
217		
218		
219		
220		
221		
222		
223		
224		
225		
226		
227		
228		
229		
230		
231		
232		
233		
234		
235		
236		
237		
238		
239		
240		
241		
242		
243		
244		
245		
246		
247		
248		
249		
250		
251		
252		
253		
254		
255		
256		
257		
258		
259		
260		
261		
262		
263		
264		
265		
266		
267		
268		
269		
270		
271		
272		
273		
274		
275		
276		
277		
278		
279		
280		
281		
282		
283		
284		
285		
286		
287		
288		
289		
290		
291		
292		
293		
294		
295		
296		
297		
298		
299		
300		
301		
302		
303		
304		
305		
306		
307		
308		
309		
310		
311		
312		
313		
314		
315		
316		
317		
318		
319		
320		
321		
322		
323		
324		
325		
326		
327		
328		
329		
330		
331		
332		
333		
334		
335		
336		
337		
338		
339		
340		
341		
342		
343		
344		
345		
346		
347		
348		
349		
350		
351		
352		
353		
354		
355		
356		
357		
358		
359		
360		
361		
362		
363		
364		
365		
366		
367		
368		
369		
370		
371		
372		
373		
374		
375		
376		
377		
378		
379		
380		
381		
382		
383		
384		
385		
386		
387		
388		
389		
390		
391		
392		
393		
394		
395		
396		
397		
398		
399		
400		
401		
402		
403		
404		
405		
406		
407		
408		
409		
410		
411		
412		
413		
414		
415		
416		
417		
418		
419		
420		
421		
422		
423		
424		
425		
426		
427		
428		
429		
430		
431		
432		
433		
434		
435		
436		
437		
438		
439		
440		
441		
442		
443		
444		
445		
446		
447		
448		
449		
450		
451		
452		
453		
454		
455		
456		
457		
458		
459		
460		
461		
462		
463		
464		
465		
466		
467		
468		
469		
470		
471		
472		
473		
474		
475		
476		
477		
478		
479		
480		
481		
482		
483		
484		
485		
486		
487		
488		
489		
490		
491		
492		
493		
494		
495		
496		
497		
498		
499		
500		
501		
502		
503		
504		
505		
506		
507		
508		
509		
510		
511		
512		
513		
514		
515		
516		
517		
518		
519		
520		
521		
522		
523		
524		
525		
526		
527		
528		
529		
530		
531		
532		
533		
534		
535		
536		
537		
538		
539		
540		
541		
542		
543		
544		
545		
546		
547		
548		
549		
550		
551		
552		
553		
554		
555		
556		
